00000000000000000000000000000000000000000000000000000000000000000000000000000000
00000000000000000000000000000000000000000000000000000000000000000000000000000000
00000000000000000000000000000000000000000000000000000000000000000000000000000000
00000000000000000000000000000000000000000000000000000000000000000000000000000000
00000000000000000000000000000000000000000000000000001000000000000000000000000000
00000000000000000000000000000000000100000000000000010100000000000000000000000000
00000000000000000000000001010000001000001100000000100000000000000000000000000000
00000000000000000000000001000010000101111110000110000000000000000000000000000000
00000000000000000000000001011111111000000000010010111000000000000000000000000000
00000000000000000000000000001000001000000011110000111000000000000000000000000000
00000000000000000000000110000000000000000011101000000000000000000000000000000000
00000000000000000000100110000000110000000011000000000000000000000000000000000000
00000000000000000000100100000000000000000000000000000000000000000000000000000000
00000000000000000001000000000000000000000000000000000000000000000000000000000000
00000000000000000000100100000000000000000000000000000000000000000000000000000000
00000000000000000000100110000000110000000011000000000000000000000000000000000000
00000000000000000000000110000000000000000011101000000000000000000000000000000000
00000000000000000000000000001000001000000011110000111000000000000000000000000000
00000000000000000000000001011111111000000000010010111000000000000000000000000000
00000000000000000000000001000010000101111110000110000000000000000000000000000000
00000000000000000000000001010000001000001100000000100000000000000000000000000000
00000000000000000000000000000000000100000000000000010100000000000000000000000000
00000000000000000000000000000000000000000000000000001000000000000000000000000000
00000000000000000000000000000000000000000000000000000000000000000000000000000000
00000000000000000000000000000000000000000000000000000000000000000000000000000000
